Day number : 0
0;2000.0;5000.0;33.33;83.33
1;2000.0;5000.0;66.67;166.67
2;2000.0;5000.0;100.0;250.0
3;2000.0;5000.0;133.33;333.33
4;2000.0;5000.0;166.67;416.67
5;2000.0;5000.0;200.0;500.0
6;2000.0;5000.0;233.33;583.33
7;2000.0;5000.0;266.67;666.67
8;2000.0;5000.0;300.0;750.0
9;2000.0;5000.0;333.33;833.33
10;2000.0;5000.0;366.67;916.67
11;2000.0;5000.0;400.0;1000.0
12;2000.0;5000.0;433.33;1083.33
13;2000.0;5000.0;466.67;1166.67
14;2000.0;5000.0;500.0;1250.0
15;2000.0;5000.0;533.33;1333.33
16;2000.0;5000.0;566.67;1416.67
17;2000.0;5000.0;600.0;1500.0
18;2000.0;5000.0;633.33;1583.33
19;2000.0;5000.0;666.67;1666.67
20;2000.0;5000.0;700.0;1750.0
21;2000.0;5000.0;733.33;1833.33
22;2000.0;5000.0;766.67;1916.67
23;2000.0;5000.0;800.0;2000.0
24;2000.0;5000.0;833.33;2083.33
25;2000.0;5000.0;866.67;2166.67
26;2000.0;5000.0;900.0;2250.0
27;2000.0;5000.0;933.33;2333.33
28;2000.0;5000.0;966.67;2416.67
29;2000.0;5000.0;1000.0;2500.0
30;2000.0;5000.0;1033.33;2583.33
31;2000.0;5000.0;1066.67;2666.67
32;2000.0;5000.0;1100.0;2750.0
33;2000.0;5000.0;1133.33;2833.33
34;2000.0;5000.0;1166.67;2916.67
35;2000.0;5000.0;1200.0;3000.0
36;2000.0;5000.0;1233.33;3083.33
37;2000.0;5000.0;1266.67;3166.67
38;2000.0;5000.0;1300.0;3250.0
39;2000.0;5000.0;1333.33;3333.33
40;2000.0;5000.0;1366.67;3416.67
41;2000.0;5000.0;1400.0;3500.0
42;2000.0;5000.0;1433.33;3583.33
43;2000.0;5000.0;1466.67;3666.67
44;2000.0;5000.0;1500.0;3750.0
45;2000.0;5000.0;1533.33;3833.33
46;2000.0;5000.0;1566.67;3916.67
47;2000.0;5000.0;1600.0;4000.0
48;2000.0;5000.0;1633.33;4083.33
49;2000.0;5000.0;1666.67;4166.67
50;2000.0;5000.0;1700.0;4250.0
51;2000.0;5000.0;1733.33;4333.33
52;2000.0;5000.0;1766.67;4416.67
53;2000.0;5000.0;1800.0;4500.0
54;2000.0;5000.0;1833.33;4583.33
55;2000.0;5000.0;1866.67;4666.67
56;2000.0;5000.0;1900.0;4750.0
57;2000.0;5000.0;1933.33;4833.33
58;2000.0;5000.0;1966.67;4916.67
59;2000.0;5000.0;2000.0;5000.0
60;2000.0;5000.0;2033.33;5083.33
61;2000.0;5000.0;2066.67;5166.67
62;2000.0;5000.0;2100.0;5250.0
63;2000.0;5000.0;2133.33;5333.33
64;2000.0;5000.0;2166.67;5416.67
65;2000.0;5000.0;2200.0;5500.0
66;2000.0;5000.0;2233.33;5583.33
67;2000.0;5000.0;2266.67;5666.67
68;2000.0;5000.0;2300.0;5750.0
69;2000.0;5000.0;2333.33;5833.33
70;2000.0;5000.0;2366.67;5916.67
71;2000.0;5000.0;2400.0;6000.0
72;2000.0;5000.0;2433.33;6083.33
73;2000.0;5000.0;2466.67;6166.67
74;2000.0;5000.0;2500.0;6250.0
75;2000.0;5000.0;2533.33;6333.33
76;2000.0;5000.0;2566.67;6416.67
77;2000.0;5000.0;2600.0;6500.0
78;2000.0;5000.0;2633.33;6583.33
79;2000.0;5000.0;2666.67;6666.67
80;2000.0;5000.0;2700.0;6750.0
81;2000.0;5000.0;2733.33;6833.33
82;2000.0;5000.0;2766.67;6916.67
83;2000.0;5000.0;2800.0;7000.0
84;2000.0;5000.0;2833.33;7083.33
85;2000.0;5000.0;2866.67;7166.67
86;2000.0;5000.0;2900.0;7250.0
87;2000.0;5000.0;2933.33;7333.33
88;2000.0;5000.0;2966.67;7416.67
89;2000.0;5000.0;3000.0;7500.0
90;2000.0;5000.0;3033.33;7583.33
91;2000.0;5000.0;3066.67;7666.67
92;2000.0;5000.0;3100.0;7750.0
93;2000.0;5000.0;3133.33;7833.33
94;2000.0;5000.0;3166.67;7916.67
95;2000.0;5000.0;3200.0;8000.0
96;2000.0;5000.0;3233.33;8083.33
97;2000.0;5000.0;3266.67;8166.67
98;2000.0;5000.0;3300.0;8250.0
99;2000.0;5000.0;3333.33;8333.33
100;2000.0;5000.0;3366.67;8416.67
101;2000.0;5000.0;3400.0;8500.0
102;2000.0;5000.0;3433.33;8583.33
103;2000.0;5000.0;3466.67;8666.67
104;2000.0;5000.0;3500.0;8750.0
105;2000.0;5000.0;3533.33;8833.33
106;2000.0;5000.0;3566.67;8916.67
107;2000.0;5000.0;3600.0;9000.0
108;2000.0;5000.0;3633.33;9083.33
109;2000.0;5000.0;3666.67;9166.67
110;2000.0;5000.0;3700.0;9250.0
111;2000.0;5000.0;3733.33;9333.33
112;2000.0;5000.0;3766.67;9416.67
113;2000.0;5000.0;3800.0;9500.0
114;2000.0;5000.0;3833.33;9583.33
115;2000.0;5000.0;3866.67;9666.67
116;2000.0;5000.0;3900.0;9750.0
117;2000.0;5000.0;3933.33;9833.33
118;2000.0;5000.0;3966.67;9916.67
119;2000.0;5000.0;4000.0;10000.0
120;2000.0;5000.0;4033.33;10083.33
121;2000.0;5000.0;4066.67;10166.67
122;2000.0;5000.0;4100.0;10250.0
123;2000.0;5000.0;4133.33;10333.33
124;2000.0;5000.0;4166.67;10416.67
125;2000.0;5000.0;4200.0;10500.0
126;2000.0;5000.0;4233.33;10583.33
127;2000.0;5000.0;4266.67;10666.67
128;2000.0;5000.0;4300.0;10750.0
129;2000.0;5000.0;4333.33;10833.33
130;2000.0;5000.0;4366.67;10916.67
131;2000.0;5000.0;4400.0;11000.0
132;2000.0;5000.0;4433.33;11083.33
133;2000.0;5000.0;4466.67;11166.67
134;2000.0;5000.0;4500.0;11250.0
135;2000.0;5000.0;4533.33;11333.33
136;2000.0;5000.0;4566.67;11416.67
137;2000.0;5000.0;4600.0;11500.0
138;2000.0;5000.0;4633.33;11583.33
139;2000.0;5000.0;4666.67;11666.67
140;2000.0;5000.0;4700.0;11750.0
141;2000.0;5000.0;4733.33;11833.33
142;2000.0;5000.0;4766.67;11916.67
143;2000.0;5000.0;4800.0;12000.0
144;2000.0;5000.0;4833.33;12083.33
145;2000.0;5000.0;4866.67;12166.67
146;2000.0;5000.0;4900.0;12250.0
147;2000.0;5000.0;4933.33;12333.33
148;2000.0;5000.0;4966.67;12416.67
149;2000.0;5000.0;5000.0;12500.0
150;2000.0;5000.0;5033.33;12583.33
151;2000.0;5000.0;5066.67;12666.67
152;2000.0;5000.0;5100.0;12750.0
153;2000.0;5000.0;5133.33;12833.33
154;2000.0;5000.0;5166.67;12916.67
155;2000.0;5000.0;5200.0;13000.0
156;2000.0;5000.0;5233.33;13083.33
157;2000.0;5000.0;5266.67;13166.67
158;2000.0;5000.0;5300.0;13250.0
159;2000.0;5000.0;5333.33;13333.33
160;2000.0;5000.0;5366.67;13416.67
161;2000.0;5000.0;5400.0;13500.0
162;2000.0;5000.0;5433.33;13583.33
163;2000.0;5000.0;5466.67;13666.67
164;2000.0;5000.0;5500.0;13750.0
165;2000.0;5000.0;5533.33;13833.33
166;2000.0;5000.0;5566.67;13916.67
167;2000.0;5000.0;5600.0;14000.0
168;2000.0;5000.0;5633.33;14083.33
169;2000.0;5000.0;5666.67;14166.67
170;2000.0;5000.0;5700.0;14250.0
171;2000.0;5000.0;5733.33;14333.33
172;2000.0;5000.0;5766.67;14416.67
173;2000.0;5000.0;5800.0;14500.0
174;2000.0;5000.0;5833.33;14583.33
175;2000.0;5000.0;5866.67;14666.67
176;2000.0;5000.0;5900.0;14750.0
177;2000.0;5000.0;5933.33;14833.33
178;2000.0;5000.0;5966.67;14916.67
179;2000.0;5000.0;6000.0;15000.0
180;2000.0;5000.0;6033.33;15083.33
181;2000.0;5000.0;6066.67;15166.67
182;2000.0;5000.0;6100.0;15250.0
183;2000.0;5000.0;6133.33;15333.33
184;2000.0;5000.0;6166.67;15416.67
185;2000.0;5000.0;6200.0;15500.0
186;2000.0;5000.0;6233.33;15583.33
187;2000.0;5000.0;6266.67;15666.67
188;2000.0;5000.0;6300.0;15750.0
189;2000.0;5000.0;6333.33;15833.33
190;2000.0;5000.0;6366.67;15916.67
191;2000.0;5000.0;6400.0;16000.0
192;2000.0;5000.0;6433.33;16083.33
193;2000.0;5000.0;6466.67;16166.67
194;2000.0;5000.0;6500.0;16250.0
195;2000.0;5000.0;6533.33;16333.33
196;2000.0;5000.0;6566.67;16416.67
197;2000.0;5000.0;6600.0;16500.0
198;2000.0;5000.0;6633.33;16583.33
199;2000.0;5000.0;6666.67;16666.67
200;2000.0;5000.0;6700.0;16750.0
201;2000.0;5000.0;6733.33;16833.33
202;2000.0;5000.0;6766.67;16916.67
203;2000.0;5000.0;6800.0;17000.0
204;2000.0;5000.0;6833.33;17083.33
205;2000.0;5000.0;6866.67;17166.67
206;2000.0;5000.0;6900.0;17250.0
207;2000.0;5000.0;6933.33;17333.33
208;2000.0;5000.0;6966.67;17416.67
209;2000.0;5000.0;7000.0;17500.0
210;2000.0;5000.0;7033.33;17583.33
211;2000.0;5000.0;7066.67;17666.67
212;2000.0;5000.0;7100.0;17750.0
213;2000.0;5000.0;7133.33;17833.33
214;2000.0;5000.0;7166.67;17916.67
215;2000.0;5000.0;7200.0;18000.0
216;2000.0;5000.0;7233.33;18083.33
217;2000.0;5000.0;7266.67;18166.67
218;2000.0;5000.0;7300.0;18250.0
219;2000.0;5000.0;7333.33;18333.33
220;2000.0;5000.0;7366.67;18416.67
221;2000.0;5000.0;7400.0;18500.0
222;2000.0;5000.0;7433.33;18583.33
223;2000.0;5000.0;7466.67;18666.67
224;2000.0;5000.0;7500.0;18750.0
225;2000.0;5000.0;7533.33;18833.33
226;2000.0;5000.0;7566.67;18916.67
227;2000.0;5000.0;7600.0;19000.0
228;2000.0;5000.0;7633.33;19083.33
229;2000.0;5000.0;7666.67;19166.67
230;2000.0;5000.0;7700.0;19250.0
231;2000.0;5000.0;7733.33;19333.33
232;2000.0;5000.0;7766.67;19416.67
233;2000.0;5000.0;7800.0;19500.0
234;2000.0;5000.0;7833.33;19583.33
235;2000.0;5000.0;7866.67;19666.67
236;2000.0;5000.0;7900.0;19750.0
237;2000.0;5000.0;7933.33;19833.33
238;2000.0;5000.0;7966.67;19916.67
239;2000.0;5000.0;8000.0;20000.0
240;2000.0;5000.0;8033.33;20083.33
241;2000.0;5000.0;8066.67;20166.67
242;2000.0;5000.0;8100.0;20250.0
243;2000.0;5000.0;8133.33;20333.33
244;2000.0;5000.0;8166.67;20416.67
245;2000.0;5000.0;8200.0;20500.0
246;2000.0;5000.0;8233.33;20583.33
247;2000.0;5000.0;8266.67;20666.67
248;2000.0;5000.0;8300.0;20750.0
249;2000.0;5000.0;8333.33;20833.33
250;2000.0;5000.0;8366.67;20916.67
251;2000.0;5000.0;8400.0;21000.0
252;2000.0;5000.0;8433.33;21083.33
253;2000.0;5000.0;8466.67;21166.67
254;2000.0;5000.0;8500.0;21250.0
255;2000.0;5000.0;8533.33;21333.33
256;2000.0;5000.0;8566.67;21416.67
257;2000.0;5000.0;8600.0;21500.0
258;2000.0;5000.0;8633.33;21583.33
259;2000.0;5000.0;8666.67;21666.67
260;2000.0;5000.0;8700.0;21750.0
261;2000.0;5000.0;8733.33;21833.33
262;2000.0;5000.0;8766.67;21916.67
263;2000.0;5000.0;8800.0;22000.0
264;2000.0;5000.0;8833.33;22083.33
265;2000.0;5000.0;8866.67;22166.67
266;2000.0;5000.0;8900.0;22250.0
267;2000.0;5000.0;8933.33;22333.33
268;2000.0;5000.0;8966.67;22416.67
269;2000.0;5000.0;9000.0;22500.0
270;2000.0;5000.0;9033.33;22583.33
271;2000.0;5000.0;9066.67;22666.67
272;2000.0;5000.0;9100.0;22750.0
273;2000.0;5000.0;9133.33;22833.33
274;2000.0;5000.0;9166.67;22916.67
275;2000.0;5000.0;9200.0;23000.0
276;2000.0;5000.0;9233.33;23083.33
277;2000.0;5000.0;9266.67;23166.67
278;2000.0;5000.0;9300.0;23250.0
279;2000.0;5000.0;9333.33;23333.33
280;2000.0;5000.0;9366.67;23416.67
281;2000.0;5000.0;9400.0;23500.0
282;2000.0;5000.0;9433.33;23583.33
283;2000.0;5000.0;9466.67;23666.67
284;2000.0;5000.0;9500.0;23750.0
285;2000.0;5000.0;9533.33;23833.33
286;2000.0;5000.0;9566.67;23916.67
287;2000.0;5000.0;9600.0;24000.0
288;2000.0;5000.0;9633.33;24083.33
289;2000.0;5000.0;9666.67;24166.67
290;2000.0;5000.0;9700.0;24250.0
291;2000.0;5000.0;9733.33;24333.33
292;2000.0;5000.0;9766.67;24416.67
293;2000.0;5000.0;9800.0;24500.0
294;2000.0;5000.0;9833.33;24583.33
295;2000.0;5000.0;9866.67;24666.67
296;2000.0;5000.0;9900.0;24750.0
297;2000.0;5000.0;9933.33;24833.33
298;2000.0;5000.0;9966.67;24916.67
299;2000.0;5000.0;10000.0;25000.0
300;2000.0;5000.0;10033.33;25083.33
301;2000.0;5000.0;10066.67;25166.67
302;2000.0;5000.0;10100.0;25250.0
303;2000.0;5000.0;10133.33;25333.33
304;2000.0;5000.0;10166.67;25416.67
305;2000.0;5000.0;10200.0;25500.0
306;2000.0;5000.0;10233.33;25583.33
307;2000.0;5000.0;10266.67;25666.67
308;2000.0;5000.0;10300.0;25750.0
309;2000.0;5000.0;10333.33;25833.33
310;2000.0;5000.0;10366.67;25916.67
311;2000.0;5000.0;10400.0;26000.0
312;2000.0;5000.0;10433.33;26083.33
313;2000.0;5000.0;10466.67;26166.67
314;2000.0;5000.0;10500.0;26250.0
315;2000.0;5000.0;10533.33;26333.33
316;2000.0;5000.0;10566.67;26416.67
317;2000.0;5000.0;10600.0;26500.0
318;2000.0;5000.0;10633.33;26583.33
319;2000.0;5000.0;10666.67;26666.67
320;2000.0;5000.0;10700.0;26750.0
321;2000.0;5000.0;10733.33;26833.33
322;2000.0;5000.0;10766.67;26916.67
323;2000.0;5000.0;10800.0;27000.0
324;2000.0;5000.0;10833.33;27083.33
325;2000.0;5000.0;10866.67;27166.67
326;2000.0;5000.0;10900.0;27250.0
327;2000.0;5000.0;10933.33;27333.33
328;2000.0;5000.0;10966.67;27416.67
329;2000.0;5000.0;11000.0;27500.0
330;2000.0;5000.0;11033.33;27583.33
331;2000.0;5000.0;11066.67;27666.67
332;2000.0;5000.0;11100.0;27750.0
333;2000.0;5000.0;11133.33;27833.33
334;2000.0;5000.0;11166.67;27916.67
335;2000.0;5000.0;11200.0;28000.0
336;2000.0;5000.0;11233.33;28083.33
337;2000.0;5000.0;11266.67;28166.67
338;2000.0;5000.0;11300.0;28250.0
339;2000.0;5000.0;11333.33;28333.33
340;2000.0;5000.0;11366.67;28416.67
341;2000.0;5000.0;11400.0;28500.0
342;2000.0;5000.0;11433.33;28583.33
343;2000.0;5000.0;11466.67;28666.67
344;2000.0;5000.0;11500.0;28750.0
345;2000.0;5000.0;11533.33;28833.33
346;2000.0;5000.0;11566.67;28916.67
347;2000.0;5000.0;11600.0;29000.0
348;2000.0;5000.0;11633.33;29083.33
349;2000.0;5000.0;11666.67;29166.67
350;2000.0;5000.0;11700.0;29250.0
351;2000.0;5000.0;11733.33;29333.33
352;2000.0;5000.0;11766.67;29416.67
353;2000.0;5000.0;11800.0;29500.0
354;2000.0;5000.0;11833.33;29583.33
355;2000.0;5000.0;11866.67;29666.67
356;2000.0;5000.0;11900.0;29750.0
357;2000.0;5000.0;11933.33;29833.33
358;2000.0;5000.0;11966.67;29916.67
359;2000.0;5000.0;12000.0;30000.0
360;2000.0;5000.0;12033.33;30083.33
361;2000.0;5000.0;12066.67;30166.67
362;2000.0;5000.0;12100.0;30250.0
363;2000.0;5000.0;12133.33;30333.33
364;2000.0;5000.0;12166.67;30416.67
365;2000.0;5000.0;12200.0;30500.0
366;2000.0;5000.0;12233.33;30583.33
367;2000.0;5000.0;12266.67;30666.67
368;2000.0;5000.0;12300.0;30750.0
369;2000.0;5000.0;12333.33;30833.33
370;2000.0;5000.0;12366.67;30916.67
371;2000.0;5000.0;12400.0;31000.0
372;2000.0;5000.0;12433.33;31083.33
373;2000.0;5000.0;12466.67;31166.67
374;2000.0;5000.0;12500.0;31250.0
375;2000.0;5000.0;12533.33;31333.33
376;2000.0;5000.0;12566.67;31416.67
377;2000.0;5000.0;12600.0;31500.0
378;2000.0;5000.0;12633.33;31583.33
379;2000.0;5000.0;12666.67;31666.67
380;2000.0;5000.0;12700.0;31750.0
381;2000.0;5000.0;12733.33;31833.33
382;2000.0;5000.0;12766.67;31916.67
383;2000.0;5000.0;12800.0;32000.0
384;2000.0;5000.0;12833.33;32083.33
385;2000.0;5000.0;12866.67;32166.67
386;2000.0;5000.0;12900.0;32250.0
387;2000.0;5000.0;12933.33;32333.33
388;2000.0;5000.0;12966.67;32416.67
389;2000.0;5000.0;13000.0;32500.0
390;2000.0;5000.0;13033.33;32583.33
391;2000.0;5000.0;13066.67;32666.67
392;2000.0;5000.0;13100.0;32750.0
393;2000.0;5000.0;13133.33;32833.33
394;2000.0;5000.0;13166.67;32916.67
395;2000.0;5000.0;13200.0;33000.0
396;2000.0;5000.0;13233.33;33083.33
397;2000.0;5000.0;13266.67;33166.67
398;2000.0;5000.0;13300.0;33250.0
399;2000.0;5000.0;13333.33;33333.33
400;2000.0;5000.0;13366.67;33416.67
401;2000.0;5000.0;13400.0;33500.0
402;2000.0;5000.0;13433.33;33583.33
403;2000.0;5000.0;13466.67;33666.67
404;2000.0;5000.0;13500.0;33750.0
405;2000.0;5000.0;13533.33;33833.33
406;2000.0;5000.0;13566.67;33916.67
407;2000.0;5000.0;13600.0;34000.0
408;2000.0;5000.0;13633.33;34083.33
409;2000.0;5000.0;13666.67;34166.67
410;2000.0;5000.0;13700.0;34250.0
411;2000.0;5000.0;13733.33;34333.33
412;2000.0;5000.0;13766.67;34416.67
413;2000.0;5000.0;13800.0;34500.0
414;2000.0;5000.0;13833.33;34583.33
415;2000.0;5000.0;13866.67;34666.67
416;2000.0;5000.0;13900.0;34750.0
417;2000.0;5000.0;13933.33;34833.33
418;2000.0;5000.0;13966.67;34916.67
419;2000.0;5000.0;14000.0;35000.0
420;2000.0;5000.0;14033.33;35083.33
421;2000.0;5000.0;14066.67;35166.67
422;2000.0;5000.0;14100.0;35250.0
423;2000.0;5000.0;14133.33;35333.33
424;2000.0;5000.0;14166.67;35416.67
425;2000.0;5000.0;14200.0;35500.0
426;2000.0;5000.0;14233.33;35583.33
427;2000.0;5000.0;14266.67;35666.67
428;2000.0;5000.0;14300.0;35750.0
429;2000.0;5000.0;14333.33;35833.33
430;2000.0;5000.0;14366.67;35916.67
431;2000.0;5000.0;14400.0;36000.0
432;2000.0;5000.0;14433.33;36083.33
433;2000.0;5000.0;14466.67;36166.67
434;2000.0;5000.0;14500.0;36250.0
435;2000.0;5000.0;14533.33;36333.33
436;2000.0;5000.0;14566.67;36416.67
437;2000.0;5000.0;14600.0;36500.0
438;2000.0;5000.0;14633.33;36583.33
439;2000.0;5000.0;14666.67;36666.67
440;2000.0;5000.0;14700.0;36750.0
441;2000.0;5000.0;14733.33;36833.33
442;2000.0;5000.0;14766.67;36916.67
443;2000.0;5000.0;14800.0;37000.0
444;2000.0;5000.0;14833.33;37083.33
445;2000.0;5000.0;14866.67;37166.67
446;2000.0;5000.0;14900.0;37250.0
447;2000.0;5000.0;14933.33;37333.33
448;2000.0;5000.0;14966.67;37416.67
449;2000.0;5000.0;15000.0;37500.0
450;2000.0;5000.0;15033.33;37583.33
451;2000.0;5000.0;15066.67;37666.67
452;2000.0;5000.0;15100.0;37750.0
453;2000.0;5000.0;15133.33;37833.33
454;2000.0;5000.0;15166.67;37916.67
455;2000.0;5000.0;15200.0;38000.0
456;2000.0;5000.0;15233.33;38083.33
457;2000.0;5000.0;15266.67;38166.67
458;2000.0;5000.0;15300.0;38250.0
459;2000.0;5000.0;15333.33;38333.33
460;2000.0;5000.0;15366.67;38416.67
461;2000.0;5000.0;15400.0;38500.0
462;2000.0;5000.0;15433.33;38583.33
463;2000.0;5000.0;15466.67;38666.67
464;2000.0;5000.0;15500.0;38750.0
465;2000.0;5000.0;15533.33;38833.33
466;2000.0;5000.0;15566.67;38916.67
467;2000.0;5000.0;15600.0;39000.0
468;2000.0;5000.0;15633.33;39083.33
469;2000.0;5000.0;15666.67;39166.67
470;2000.0;5000.0;15700.0;39250.0
471;2000.0;5000.0;15733.33;39333.33
472;2000.0;5000.0;15766.67;39416.67
473;2000.0;5000.0;15800.0;39500.0
474;2000.0;5000.0;15833.33;39583.33
475;2000.0;5000.0;15866.67;39666.67
476;2000.0;5000.0;15900.0;39750.0
477;2000.0;5000.0;15933.33;39833.33
478;2000.0;5000.0;15966.67;39916.67
479;2000.0;5000.0;16000.0;40000.0
480;2000.0;5000.0;16033.33;40083.33
481;2000.0;5000.0;16066.67;40166.67
482;2000.0;5000.0;16100.0;40250.0
483;2000.0;5000.0;16133.33;40333.33
484;2000.0;5000.0;16166.67;40416.67
485;2000.0;5000.0;16200.0;40500.0
486;2000.0;5000.0;16233.33;40583.33
487;2000.0;5000.0;16266.67;40666.67
488;2000.0;5000.0;16300.0;40750.0
489;2000.0;5000.0;16333.33;40833.33
490;2000.0;5000.0;16366.67;40916.67
491;2000.0;5000.0;16400.0;41000.0
492;2000.0;5000.0;16433.33;41083.33
493;2000.0;5000.0;16466.67;41166.67
494;2000.0;5000.0;16500.0;41250.0
495;2000.0;5000.0;16533.33;41333.33
496;2000.0;5000.0;16566.67;41416.67
497;2000.0;5000.0;16600.0;41500.0
498;2000.0;5000.0;16633.33;41583.33
499;2000.0;5000.0;16666.67;41666.67
500;2000.0;5000.0;16700.0;41750.0
501;2000.0;5000.0;16733.33;41833.33
502;2000.0;5000.0;16766.67;41916.67
503;2000.0;5000.0;16800.0;42000.0
504;2000.0;5000.0;16833.33;42083.33
505;2000.0;5000.0;16866.67;42166.67
506;2000.0;5000.0;16900.0;42250.0
507;2000.0;5000.0;16933.33;42333.33
508;2000.0;5000.0;16966.67;42416.67
509;2000.0;5000.0;17000.0;42500.0
510;2000.0;5000.0;17033.33;42583.33
511;2000.0;5000.0;17066.67;42666.67
512;2000.0;5000.0;17100.0;42750.0
513;2000.0;5000.0;17133.33;42833.33
514;2000.0;5000.0;17166.67;42916.67
515;2000.0;5000.0;17200.0;43000.0
516;2000.0;5000.0;17233.33;43083.33
517;2000.0;5000.0;17266.67;43166.67
518;2000.0;5000.0;17300.0;43250.0
519;2000.0;5000.0;17333.33;43333.33
520;2000.0;5000.0;17366.67;43416.67
521;2000.0;5000.0;17400.0;43500.0
522;2000.0;5000.0;17433.33;43583.33
523;2000.0;5000.0;17466.67;43666.67
524;2000.0;5000.0;17500.0;43750.0
525;2000.0;5000.0;17533.33;43833.33
526;2000.0;5000.0;17566.67;43916.67
527;2000.0;5000.0;17600.0;44000.0
528;2000.0;5000.0;17633.33;44083.33
529;2000.0;5000.0;17666.67;44166.67
530;2000.0;5000.0;17700.0;44250.0
531;2000.0;5000.0;17733.33;44333.33
532;2000.0;5000.0;17766.67;44416.67
533;2000.0;5000.0;17800.0;44500.0
534;2000.0;5000.0;17833.33;44583.33
535;2000.0;5000.0;17866.67;44666.67
536;2000.0;5000.0;17900.0;44750.0
537;2000.0;5000.0;17933.33;44833.33
538;2000.0;5000.0;17966.67;44916.67
539;2000.0;5000.0;18000.0;45000.0
540;2000.0;5000.0;18033.33;45083.33
541;2000.0;5000.0;18066.67;45166.67
542;2000.0;5000.0;18100.0;45250.0
543;2000.0;5000.0;18133.33;45333.33
544;2000.0;5000.0;18166.67;45416.67
545;2000.0;5000.0;18200.0;45500.0
546;2000.0;5000.0;18233.33;45583.33
547;2000.0;5000.0;18266.67;45666.67
548;2000.0;5000.0;18300.0;45750.0
549;2000.0;5000.0;18333.33;45833.33
550;2000.0;5000.0;18366.67;45916.67
551;2000.0;5000.0;18400.0;46000.0
552;2000.0;5000.0;18433.33;46083.33
553;2000.0;5000.0;18466.67;46166.67
554;2000.0;5000.0;18500.0;46250.0
555;2000.0;5000.0;18533.33;46333.33
556;2000.0;5000.0;18566.67;46416.67
557;2000.0;5000.0;18600.0;46500.0
558;2000.0;5000.0;18633.33;46583.33
559;2000.0;5000.0;18666.67;46666.67
560;2000.0;5000.0;18700.0;46750.0
561;2000.0;5000.0;18733.33;46833.33
562;2000.0;5000.0;18766.67;46916.67
563;2000.0;5000.0;18800.0;47000.0
564;2000.0;5000.0;18833.33;47083.33
565;2000.0;5000.0;18866.67;47166.67
566;2000.0;5000.0;18900.0;47250.0
567;2000.0;5000.0;18933.33;47333.33
568;2000.0;5000.0;18966.67;47416.67
569;2000.0;5000.0;19000.0;47500.0
570;2000.0;5000.0;19033.33;47583.33
571;2000.0;5000.0;19066.67;47666.67
572;2000.0;5000.0;19100.0;47750.0
573;2000.0;5000.0;19133.33;47833.33
574;2000.0;5000.0;19166.67;47916.67
575;2000.0;5000.0;19200.0;48000.0
576;2000.0;5000.0;19233.33;48083.33
577;2000.0;5000.0;19266.67;48166.67
578;2000.0;5000.0;19300.0;48250.0
579;2000.0;5000.0;19333.33;48333.33
580;2000.0;5000.0;19366.67;48416.67
581;2000.0;5000.0;19400.0;48500.0
582;2000.0;5000.0;19433.33;48583.33
583;2000.0;5000.0;19466.67;48666.67
584;2000.0;5000.0;19500.0;48750.0
585;2000.0;5000.0;19533.33;48833.33
586;2000.0;5000.0;19566.67;48916.67
587;2000.0;5000.0;19600.0;49000.0
588;2000.0;5000.0;19633.33;49083.33
589;2000.0;5000.0;19666.67;49166.67
590;2000.0;5000.0;19700.0;49250.0
591;2000.0;5000.0;19733.33;49333.33
592;2000.0;5000.0;19766.67;49416.67
593;2000.0;5000.0;19800.0;49500.0
594;2000.0;5000.0;19833.33;49583.33
595;2000.0;5000.0;19866.67;49666.67
596;2000.0;5000.0;19900.0;49750.0
597;2000.0;5000.0;19933.33;49833.33
598;2000.0;5000.0;19966.67;49916.67
599;2000.0;5000.0;20000.0;50000.0
600;2000.0;5000.0;20033.33;50083.33
601;2000.0;5000.0;20066.67;50166.67
602;2000.0;5000.0;20100.0;50250.0
603;2000.0;5000.0;20133.33;50333.33
604;2000.0;5000.0;20166.67;50416.67
605;2000.0;5000.0;20200.0;50500.0
606;2000.0;5000.0;20233.33;50583.33
607;2000.0;5000.0;20266.67;50666.67
608;2000.0;5000.0;20300.0;50750.0
609;2000.0;5000.0;20333.33;50833.33
610;2000.0;5000.0;20366.67;50916.67
611;2000.0;5000.0;20400.0;51000.0
612;2000.0;5000.0;20433.33;51083.33
613;2000.0;5000.0;20466.67;51166.67
614;2000.0;5000.0;20500.0;51250.0
615;2000.0;5000.0;20533.33;51333.33
616;2000.0;5000.0;20566.67;51416.67
617;2000.0;5000.0;20600.0;51500.0
618;2000.0;5000.0;20633.33;51583.33
619;2000.0;5000.0;20666.67;51666.67
620;2000.0;5000.0;20700.0;51750.0
621;2000.0;5000.0;20733.33;51833.33
622;2000.0;5000.0;20766.67;51916.67
623;2000.0;5000.0;20800.0;52000.0
624;2000.0;5000.0;20833.33;52083.33
625;2000.0;5000.0;20866.67;52166.67
626;2000.0;5000.0;20900.0;52250.0
627;2000.0;5000.0;20933.33;52333.33
628;2000.0;5000.0;20966.67;52416.67
629;2000.0;5000.0;21000.0;52500.0
630;2000.0;5000.0;21033.33;52583.33
631;2000.0;5000.0;21066.67;52666.67
632;2000.0;5000.0;21100.0;52750.0
633;2000.0;5000.0;21133.33;52833.33
634;2000.0;5000.0;21166.67;52916.67
635;2000.0;5000.0;21200.0;53000.0
636;2000.0;5000.0;21233.33;53083.33
637;2000.0;5000.0;21266.67;53166.67
638;2000.0;5000.0;21300.0;53250.0
639;2000.0;5000.0;21333.33;53333.33
640;2000.0;5000.0;21366.67;53416.67
641;2000.0;5000.0;21400.0;53500.0
642;2000.0;5000.0;21433.33;53583.33
643;2000.0;5000.0;21466.67;53666.67
644;2000.0;5000.0;21500.0;53750.0
645;2000.0;5000.0;21533.33;53833.33
646;2000.0;5000.0;21566.67;53916.67
647;2000.0;5000.0;21600.0;54000.0
648;2000.0;5000.0;21633.33;54083.33
649;2000.0;5000.0;21666.67;54166.67
650;2000.0;5000.0;21700.0;54250.0
651;2000.0;5000.0;21733.33;54333.33
652;2000.0;5000.0;21766.67;54416.67
653;2000.0;5000.0;21800.0;54500.0
654;2000.0;5000.0;21833.33;54583.33
655;2000.0;5000.0;21866.67;54666.67
656;2000.0;5000.0;21900.0;54750.0
657;2000.0;5000.0;21933.33;54833.33
658;2000.0;5000.0;21966.67;54916.67
659;2000.0;5000.0;22000.0;55000.0
660;2000.0;5000.0;22033.33;55083.33
661;2000.0;5000.0;22066.67;55166.67
662;2000.0;5000.0;22100.0;55250.0
663;2000.0;5000.0;22133.33;55333.33
664;2000.0;5000.0;22166.67;55416.67
665;2000.0;5000.0;22200.0;55500.0
666;2000.0;5000.0;22233.33;55583.33
667;2000.0;5000.0;22266.67;55666.67
668;2000.0;5000.0;22300.0;55750.0
669;2000.0;5000.0;22333.33;55833.33
670;2000.0;5000.0;22366.67;55916.67
671;2000.0;5000.0;22400.0;56000.0
672;2000.0;5000.0;22433.33;56083.33
673;2000.0;5000.0;22466.67;56166.67
674;2000.0;5000.0;22500.0;56250.0
675;2000.0;5000.0;22533.33;56333.33
676;2000.0;5000.0;22566.67;56416.67
677;2000.0;5000.0;22600.0;56500.0
678;2000.0;5000.0;22633.33;56583.33
679;2000.0;5000.0;22666.67;56666.67
680;2000.0;5000.0;22700.0;56750.0
681;2000.0;5000.0;22733.33;56833.33
682;2000.0;5000.0;22766.67;56916.67
683;2000.0;5000.0;22800.0;57000.0
684;2000.0;5000.0;22833.33;57083.33
685;2000.0;5000.0;22866.67;57166.67
686;2000.0;5000.0;22900.0;57250.0
687;2000.0;5000.0;22933.33;57333.33
688;2000.0;5000.0;22966.67;57416.67
689;2000.0;5000.0;23000.0;57500.0
690;2000.0;5000.0;23033.33;57583.33
691;2000.0;5000.0;23066.67;57666.67
692;2000.0;5000.0;23100.0;57750.0
693;2000.0;5000.0;23133.33;57833.33
694;2000.0;5000.0;23166.67;57916.67
695;2000.0;5000.0;23200.0;58000.0
696;2000.0;5000.0;23233.33;58083.33
697;2000.0;5000.0;23266.67;58166.67
698;2000.0;5000.0;23300.0;58250.0
699;2000.0;5000.0;23333.33;58333.33
700;2000.0;5000.0;23366.67;58416.67
701;2000.0;5000.0;23400.0;58500.0
702;2000.0;5000.0;23433.33;58583.33
703;2000.0;5000.0;23466.67;58666.67
704;2000.0;5000.0;23500.0;58750.0
705;2000.0;5000.0;23533.33;58833.33
706;2000.0;5000.0;23566.67;58916.67
707;2000.0;5000.0;23600.0;59000.0
708;2000.0;5000.0;23633.33;59083.33
709;2000.0;5000.0;23666.67;59166.67
710;2000.0;5000.0;23700.0;59250.0
711;2000.0;5000.0;23733.33;59333.33
712;2000.0;5000.0;23766.67;59416.67
713;2000.0;5000.0;23800.0;59500.0
714;2000.0;5000.0;23833.33;59583.33
715;2000.0;5000.0;23866.67;59666.67
716;2000.0;5000.0;23900.0;59750.0
717;2000.0;5000.0;23933.33;59833.33
718;2000.0;5000.0;23966.67;59916.67
719;2000.0;5000.0;24000.0;60000.0
720;2000.0;5000.0;24033.33;60083.33
721;2000.0;5000.0;24066.67;60166.67
722;2000.0;5000.0;24100.0;60250.0
723;2000.0;5000.0;24133.33;60333.33
724;2000.0;5000.0;24166.67;60416.67
725;2000.0;5000.0;24200.0;60500.0
726;2000.0;5000.0;24233.33;60583.33
727;2000.0;5000.0;24266.67;60666.67
728;2000.0;5000.0;24300.0;60750.0
729;2000.0;5000.0;24333.33;60833.33
730;2000.0;5000.0;24366.67;60916.67
731;2000.0;5000.0;24400.0;61000.0
732;2000.0;5000.0;24433.33;61083.33
733;2000.0;5000.0;24466.67;61166.67
734;2000.0;5000.0;24500.0;61250.0
735;2000.0;5000.0;24533.33;61333.33
736;2000.0;5000.0;24566.67;61416.67
737;2000.0;5000.0;24600.0;61500.0
738;2000.0;5000.0;24633.33;61583.33
739;2000.0;5000.0;24666.67;61666.67
740;2000.0;5000.0;24700.0;61750.0
741;2000.0;5000.0;24733.33;61833.33
742;2000.0;5000.0;24766.67;61916.67
743;2000.0;5000.0;24800.0;62000.0
744;2000.0;5000.0;24833.33;62083.33
745;2000.0;5000.0;24866.67;62166.67
746;2000.0;5000.0;24900.0;62250.0
747;2000.0;5000.0;24933.33;62333.33
748;2000.0;5000.0;24966.67;62416.67
749;2000.0;5000.0;25000.0;62500.0
750;2000.0;5000.0;25033.33;62583.33
751;2000.0;5000.0;25066.67;62666.67
752;2000.0;5000.0;25100.0;62750.0
753;2000.0;5000.0;25133.33;62833.33
754;2000.0;5000.0;25166.67;62916.67
755;2000.0;5000.0;25200.0;63000.0
756;2000.0;5000.0;25233.33;63083.33
757;2000.0;5000.0;25266.67;63166.67
758;2000.0;5000.0;25300.0;63250.0
759;2000.0;5000.0;25333.33;63333.33
760;2000.0;5000.0;25366.67;63416.67
761;2000.0;5000.0;25400.0;63500.0
762;2000.0;5000.0;25433.33;63583.33
763;2000.0;5000.0;25466.67;63666.67
764;2000.0;5000.0;25500.0;63750.0
765;2000.0;5000.0;25533.33;63833.33
766;2000.0;5000.0;25566.67;63916.67
767;2000.0;5000.0;25600.0;64000.0
768;2000.0;5000.0;25633.33;64083.33
769;2000.0;5000.0;25666.67;64166.67
770;2000.0;5000.0;25700.0;64250.0
771;2000.0;5000.0;25733.33;64333.33
772;2000.0;5000.0;25766.67;64416.67
773;2000.0;5000.0;25800.0;64500.0
774;2000.0;5000.0;25833.33;64583.33
775;2000.0;5000.0;25866.67;64666.67
776;2000.0;5000.0;25900.0;64750.0
777;2000.0;5000.0;25933.33;64833.33
778;2000.0;5000.0;25966.67;64916.67
779;2000.0;5000.0;26000.0;65000.0
780;2000.0;5000.0;26033.33;65083.33
781;2000.0;5000.0;26066.67;65166.67
782;2000.0;5000.0;26100.0;65250.0
783;2000.0;5000.0;26133.33;65333.33
784;2000.0;5000.0;26166.67;65416.67
785;2000.0;5000.0;26200.0;65500.0
786;2000.0;5000.0;26233.33;65583.33
787;2000.0;5000.0;26266.67;65666.67
788;2000.0;5000.0;26300.0;65750.0
789;2000.0;5000.0;26333.33;65833.33
790;2000.0;5000.0;26366.67;65916.67
791;2000.0;5000.0;26400.0;66000.0
792;2000.0;5000.0;26433.33;66083.33
793;2000.0;5000.0;26466.67;66166.67
794;2000.0;5000.0;26500.0;66250.0
795;2000.0;5000.0;26533.33;66333.33
796;2000.0;5000.0;26566.67;66416.67
797;2000.0;5000.0;26600.0;66500.0
798;2000.0;5000.0;26633.33;66583.33
799;2000.0;5000.0;26666.67;66666.67
800;2000.0;5000.0;26700.0;66750.0
801;2000.0;5000.0;26733.33;66833.33
802;2000.0;5000.0;26766.67;66916.67
803;2000.0;5000.0;26800.0;67000.0
804;2000.0;5000.0;26833.33;67083.33
805;2000.0;5000.0;26866.67;67166.67
806;2000.0;5000.0;26900.0;67250.0
807;2000.0;5000.0;26933.33;67333.33
808;2000.0;5000.0;26966.67;67416.67
809;2000.0;5000.0;27000.0;67500.0
810;2000.0;5000.0;27033.33;67583.33
811;2000.0;5000.0;27066.67;67666.67
812;2000.0;5000.0;27100.0;67750.0
813;2000.0;5000.0;27133.33;67833.33
814;2000.0;5000.0;27166.67;67916.67
815;2000.0;5000.0;27200.0;68000.0
816;2000.0;5000.0;27233.33;68083.33
817;2000.0;5000.0;27266.67;68166.67
818;2000.0;5000.0;27300.0;68250.0
819;2000.0;5000.0;27333.33;68333.33
820;2000.0;5000.0;27366.67;68416.67
821;2000.0;5000.0;27400.0;68500.0
822;2000.0;5000.0;27433.33;68583.33
823;2000.0;5000.0;27466.67;68666.67
824;2000.0;5000.0;27500.0;68750.0
825;2000.0;5000.0;27533.33;68833.33
826;2000.0;5000.0;27566.67;68916.67
827;2000.0;5000.0;27600.0;69000.0
828;2000.0;5000.0;27633.33;69083.33
829;2000.0;5000.0;27666.67;69166.67
830;2000.0;5000.0;27700.0;69250.0
831;2000.0;5000.0;27733.33;69333.33
832;2000.0;5000.0;27766.67;69416.67
833;2000.0;5000.0;27800.0;69500.0
834;2000.0;5000.0;27833.33;69583.33
835;2000.0;5000.0;27866.67;69666.67
836;2000.0;5000.0;27900.0;69750.0
837;2000.0;5000.0;27933.33;69833.33
838;2000.0;5000.0;27966.67;69916.67
839;2000.0;5000.0;28000.0;70000.0
840;2000.0;5000.0;28033.33;70083.33
841;2000.0;5000.0;28066.67;70166.67
842;2000.0;5000.0;28100.0;70250.0
843;2000.0;5000.0;28133.33;70333.33
844;2000.0;5000.0;28166.67;70416.67
845;2000.0;5000.0;28200.0;70500.0
846;2000.0;5000.0;28233.33;70583.33
847;2000.0;5000.0;28266.67;70666.67
848;2000.0;5000.0;28300.0;70750.0
849;2000.0;5000.0;28333.33;70833.33
850;2000.0;5000.0;28366.67;70916.67
851;2000.0;5000.0;28400.0;71000.0
852;2000.0;5000.0;28433.33;71083.33
853;2000.0;5000.0;28466.67;71166.67
854;2000.0;5000.0;28500.0;71250.0
855;2000.0;5000.0;28533.33;71333.33
856;2000.0;5000.0;28566.67;71416.67
857;2000.0;5000.0;28600.0;71500.0
858;2000.0;5000.0;28633.33;71583.33
859;2000.0;5000.0;28666.67;71666.67
860;2000.0;5000.0;28700.0;71750.0
861;2000.0;5000.0;28733.33;71833.33
862;2000.0;5000.0;28766.67;71916.67
863;2000.0;5000.0;28800.0;72000.0
864;2000.0;5000.0;28833.33;72083.33
865;2000.0;5000.0;28866.67;72166.67
866;2000.0;5000.0;28900.0;72250.0
867;2000.0;5000.0;28933.33;72333.33
868;2000.0;5000.0;28966.67;72416.67
869;2000.0;5000.0;29000.0;72500.0
870;2000.0;5000.0;29033.33;72583.33
871;2000.0;5000.0;29066.67;72666.67
872;2000.0;5000.0;29100.0;72750.0
873;2000.0;5000.0;29133.33;72833.33
874;2000.0;5000.0;29166.67;72916.67
875;2000.0;5000.0;29200.0;73000.0
876;2000.0;5000.0;29233.33;73083.33
877;2000.0;5000.0;29266.67;73166.67
878;2000.0;5000.0;29300.0;73250.0
879;2000.0;5000.0;29333.33;73333.33
880;2000.0;5000.0;29366.67;73416.67
881;2000.0;5000.0;29400.0;73500.0
882;2000.0;5000.0;29433.33;73583.33
883;2000.0;5000.0;29466.67;73666.67
884;2000.0;5000.0;29500.0;73750.0
885;2000.0;5000.0;29533.33;73833.33
886;2000.0;5000.0;29566.67;73916.67
887;2000.0;5000.0;29600.0;74000.0
888;2000.0;5000.0;29633.33;74083.33
889;2000.0;5000.0;29666.67;74166.67
890;2000.0;5000.0;29700.0;74250.0
891;2000.0;5000.0;29733.33;74333.33
892;2000.0;5000.0;29766.67;74416.67
893;2000.0;5000.0;29800.0;74500.0
894;2000.0;5000.0;29833.33;74583.33
895;2000.0;5000.0;29866.67;74666.67
896;2000.0;5000.0;29900.0;74750.0
897;2000.0;5000.0;29933.33;74833.33
898;2000.0;5000.0;29966.67;74916.67
899;2000.0;5000.0;30000.0;75000.0
900;2000.0;5000.0;30033.33;75083.33
901;2000.0;5000.0;30066.67;75166.67
902;2000.0;5000.0;30100.0;75250.0
903;2000.0;5000.0;30133.33;75333.33
904;2000.0;5000.0;30166.67;75416.67
905;2000.0;5000.0;30200.0;75500.0
906;2000.0;5000.0;30233.33;75583.33
907;2000.0;5000.0;30266.67;75666.67
908;2000.0;5000.0;30300.0;75750.0
909;2000.0;5000.0;30333.33;75833.33
910;2000.0;5000.0;30366.67;75916.67
911;2000.0;5000.0;30400.0;76000.0
912;2000.0;5000.0;30433.33;76083.33
913;2000.0;5000.0;30466.67;76166.67
914;2000.0;5000.0;30500.0;76250.0
915;2000.0;5000.0;30533.33;76333.33
916;2000.0;5000.0;30566.67;76416.67
917;2000.0;5000.0;30600.0;76500.0
918;2000.0;5000.0;30633.33;76583.33
919;2000.0;5000.0;30666.67;76666.67
920;2000.0;5000.0;30700.0;76750.0
921;2000.0;5000.0;30733.33;76833.33
922;2000.0;5000.0;30766.67;76916.67
923;2000.0;5000.0;30800.0;77000.0
924;2000.0;5000.0;30833.33;77083.33
925;2000.0;5000.0;30866.67;77166.67
926;2000.0;5000.0;30900.0;77250.0
927;2000.0;5000.0;30933.33;77333.33
928;2000.0;5000.0;30966.67;77416.67
929;2000.0;5000.0;31000.0;77500.0
930;2000.0;5000.0;31033.33;77583.33
931;2000.0;5000.0;31066.67;77666.67
932;2000.0;5000.0;31100.0;77750.0
933;2000.0;5000.0;31133.33;77833.33
934;2000.0;5000.0;31166.67;77916.67
935;2000.0;5000.0;31200.0;78000.0
936;2000.0;5000.0;31233.33;78083.33
937;2000.0;5000.0;31266.67;78166.67
938;2000.0;5000.0;31300.0;78250.0
939;2000.0;5000.0;31333.33;78333.33
940;2000.0;5000.0;31366.67;78416.67
941;2000.0;5000.0;31400.0;78500.0
942;2000.0;5000.0;31433.33;78583.33
943;2000.0;5000.0;31466.67;78666.67
944;2000.0;5000.0;31500.0;78750.0
945;2000.0;5000.0;31533.33;78833.33
946;2000.0;5000.0;31566.67;78916.67
947;2000.0;5000.0;31600.0;79000.0
948;2000.0;5000.0;31633.33;79083.33
949;2000.0;5000.0;31666.67;79166.67
950;2000.0;5000.0;31700.0;79250.0
951;2000.0;5000.0;31733.33;79333.33
952;2000.0;5000.0;31766.67;79416.67
953;2000.0;5000.0;31800.0;79500.0
954;2000.0;5000.0;31833.33;79583.33
955;2000.0;5000.0;31866.67;79666.67
956;2000.0;5000.0;31900.0;79750.0
957;2000.0;5000.0;31933.33;79833.33
958;2000.0;5000.0;31966.67;79916.67
959;2000.0;5000.0;32000.0;80000.0
960;2000.0;5000.0;32033.33;80083.33
961;2000.0;5000.0;32066.67;80166.67
962;2000.0;5000.0;32100.0;80250.0
963;2000.0;5000.0;32133.33;80333.33
964;2000.0;5000.0;32166.67;80416.67
965;2000.0;5000.0;32200.0;80500.0
966;2000.0;5000.0;32233.33;80583.33
967;2000.0;5000.0;32266.67;80666.67
968;2000.0;5000.0;32300.0;80750.0
969;2000.0;5000.0;32333.33;80833.33
970;2000.0;5000.0;32366.67;80916.67
971;2000.0;5000.0;32400.0;81000.0
972;2000.0;5000.0;32433.33;81083.33
973;2000.0;5000.0;32466.67;81166.67
974;2000.0;5000.0;32500.0;81250.0
975;2000.0;5000.0;32533.33;81333.33
976;2000.0;5000.0;32566.67;81416.67
977;2000.0;5000.0;32600.0;81500.0
978;2000.0;5000.0;32633.33;81583.33
979;2000.0;5000.0;32666.67;81666.67
980;2000.0;5000.0;32700.0;81750.0
981;2000.0;5000.0;32733.33;81833.33
982;2000.0;5000.0;32766.67;81916.67
983;2000.0;5000.0;32800.0;82000.0
984;2000.0;5000.0;32833.33;82083.33
985;2000.0;5000.0;32866.67;82166.67
986;2000.0;5000.0;32900.0;82250.0
987;2000.0;5000.0;32933.33;82333.33
988;2000.0;5000.0;32966.67;82416.67
989;2000.0;5000.0;33000.0;82500.0
990;2000.0;5000.0;33033.33;82583.33
991;2000.0;5000.0;33066.67;82666.67
992;2000.0;5000.0;33100.0;82750.0
993;2000.0;5000.0;33133.33;82833.33
994;2000.0;5000.0;33166.67;82916.67
995;2000.0;5000.0;33200.0;83000.0
996;2000.0;5000.0;33233.33;83083.33
997;2000.0;5000.0;33266.67;83166.67
998;2000.0;5000.0;33300.0;83250.0
999;2000.0;5000.0;33333.33;83333.33
1000;2000.0;5000.0;33366.67;83416.67
1001;2000.0;5000.0;33400.0;83500.0
1002;2000.0;5000.0;33433.33;83583.33
1003;2000.0;5000.0;33466.67;83666.67
1004;2000.0;5000.0;33500.0;83750.0
1005;2000.0;5000.0;33533.33;83833.33
1006;2000.0;5000.0;33566.67;83916.67
1007;2000.0;5000.0;33600.0;84000.0
1008;2000.0;5000.0;33633.33;84083.33
1009;2000.0;5000.0;33666.67;84166.67
1010;2000.0;5000.0;33700.0;84250.0
1011;2000.0;5000.0;33733.33;84333.33
1012;2000.0;5000.0;33766.67;84416.67
1013;2000.0;5000.0;33800.0;84500.0
1014;2000.0;5000.0;33833.33;84583.33
1015;2000.0;5000.0;33866.67;84666.67
1016;2000.0;5000.0;33900.0;84750.0
1017;2000.0;5000.0;33933.33;84833.33
1018;2000.0;5000.0;33966.67;84916.67
1019;2000.0;5000.0;34000.0;85000.0
1020;2000.0;5000.0;34033.33;85083.33
1021;2000.0;5000.0;34066.67;85166.67
1022;2000.0;5000.0;34100.0;85250.0
1023;2000.0;5000.0;34133.33;85333.33
1024;2000.0;5000.0;34166.67;85416.67
1025;2000.0;5000.0;34200.0;85500.0
1026;2000.0;5000.0;34233.33;85583.33
1027;2000.0;5000.0;34266.67;85666.67
1028;2000.0;5000.0;34300.0;85750.0
1029;2000.0;5000.0;34333.33;85833.33
1030;2000.0;5000.0;34366.67;85916.67
1031;2000.0;5000.0;34400.0;86000.0
1032;2000.0;5000.0;34433.33;86083.33
1033;2000.0;5000.0;34466.67;86166.67
1034;2000.0;5000.0;34500.0;86250.0
1035;2000.0;5000.0;34533.33;86333.33
1036;2000.0;5000.0;34566.67;86416.67
1037;2000.0;5000.0;34600.0;86500.0
1038;2000.0;5000.0;34633.33;86583.33
1039;2000.0;5000.0;34666.67;86666.67
1040;2000.0;5000.0;34700.0;86750.0
1041;2000.0;5000.0;34733.33;86833.33
1042;2000.0;5000.0;34766.67;86916.67
1043;2000.0;5000.0;34800.0;87000.0
1044;2000.0;5000.0;34833.33;87083.33
1045;2000.0;5000.0;34866.67;87166.67
1046;2000.0;5000.0;34900.0;87250.0
1047;2000.0;5000.0;34933.33;87333.33
1048;2000.0;5000.0;34966.67;87416.67
1049;2000.0;5000.0;35000.0;87500.0
1050;2000.0;5000.0;35033.33;87583.33
1051;2000.0;5000.0;35066.67;87666.67
1052;2000.0;5000.0;35100.0;87750.0
1053;2000.0;5000.0;35133.33;87833.33
1054;2000.0;5000.0;35166.67;87916.67
1055;2000.0;5000.0;35200.0;88000.0
1056;2000.0;5000.0;35233.33;88083.33
1057;2000.0;5000.0;35266.67;88166.67
1058;2000.0;5000.0;35300.0;88250.0
1059;2000.0;5000.0;35333.33;88333.33
1060;2000.0;5000.0;35366.67;88416.67
1061;2000.0;5000.0;35400.0;88500.0
1062;2000.0;5000.0;35433.33;88583.33
1063;2000.0;5000.0;35466.67;88666.67
1064;2000.0;5000.0;35500.0;88750.0
1065;2000.0;5000.0;35533.33;88833.33
1066;2000.0;5000.0;35566.67;88916.67
1067;2000.0;5000.0;35600.0;89000.0
1068;2000.0;5000.0;35633.33;89083.33
1069;2000.0;5000.0;35666.67;89166.67
1070;2000.0;5000.0;35700.0;89250.0
1071;2000.0;5000.0;35733.33;89333.33
1072;2000.0;5000.0;35766.67;89416.67
1073;2000.0;5000.0;35800.0;89500.0
1074;2000.0;5000.0;35833.33;89583.33
1075;2000.0;5000.0;35866.67;89666.67
1076;2000.0;5000.0;35900.0;89750.0
1077;2000.0;5000.0;35933.33;89833.33
1078;2000.0;5000.0;35966.67;89916.67
1079;2000.0;5000.0;36000.0;90000.0
1080;2000.0;5000.0;36033.33;90083.33
1081;2000.0;5000.0;36066.67;90166.67
1082;2000.0;5000.0;36100.0;90250.0
1083;2000.0;5000.0;36133.33;90333.33
1084;2000.0;5000.0;36166.67;90416.67
1085;2000.0;5000.0;36200.0;90500.0
1086;2000.0;5000.0;36233.33;90583.33
1087;2000.0;5000.0;36266.67;90666.67
1088;2000.0;5000.0;36300.0;90750.0
1089;2000.0;5000.0;36333.33;90833.33
1090;2000.0;5000.0;36366.67;90916.67
1091;2000.0;5000.0;36400.0;91000.0
1092;2000.0;5000.0;36433.33;91083.33
1093;2000.0;5000.0;36466.67;91166.67
1094;2000.0;5000.0;36500.0;91250.0
1095;2000.0;5000.0;36533.33;91333.33
1096;2000.0;5000.0;36566.67;91416.67
1097;2000.0;5000.0;36600.0;91500.0
1098;2000.0;5000.0;36633.33;91583.33
1099;2000.0;5000.0;36666.67;91666.67
1100;2000.0;5000.0;36700.0;91750.0
1101;2000.0;5000.0;36733.33;91833.33
1102;2000.0;5000.0;36766.67;91916.67
1103;2000.0;5000.0;36800.0;92000.0
1104;2000.0;5000.0;36833.33;92083.33
1105;2000.0;5000.0;36866.67;92166.67
1106;2000.0;5000.0;36900.0;92250.0
1107;2000.0;5000.0;36933.33;92333.33
1108;2000.0;5000.0;36966.67;92416.67
1109;2000.0;5000.0;37000.0;92500.0
1110;2000.0;5000.0;37033.33;92583.33
1111;2000.0;5000.0;37066.67;92666.67
1112;2000.0;5000.0;37100.0;92750.0
1113;2000.0;5000.0;37133.33;92833.33
1114;2000.0;5000.0;37166.67;92916.67
1115;2000.0;5000.0;37200.0;93000.0
1116;2000.0;5000.0;37233.33;93083.33
1117;2000.0;5000.0;37266.67;93166.67
1118;2000.0;5000.0;37300.0;93250.0
1119;2000.0;5000.0;37333.33;93333.33
1120;2000.0;5000.0;37366.67;93416.67
1121;2000.0;5000.0;37400.0;93500.0
1122;2000.0;5000.0;37433.33;93583.33
1123;2000.0;5000.0;37466.67;93666.67
1124;2000.0;5000.0;37500.0;93750.0
1125;2000.0;5000.0;37533.33;93833.33
1126;2000.0;5000.0;37566.67;93916.67
1127;2000.0;5000.0;37600.0;94000.0
1128;2000.0;5000.0;37633.33;94083.33
1129;2000.0;5000.0;37666.67;94166.67
1130;2000.0;5000.0;37700.0;94250.0
1131;2000.0;5000.0;37733.33;94333.33
1132;2000.0;5000.0;37766.67;94416.67
1133;2000.0;5000.0;37800.0;94500.0
1134;2000.0;5000.0;37833.33;94583.33
1135;2000.0;5000.0;37866.67;94666.67
1136;2000.0;5000.0;37900.0;94750.0
1137;2000.0;5000.0;37933.33;94833.33
1138;2000.0;5000.0;37966.67;94916.67
1139;2000.0;5000.0;38000.0;95000.0
1140;2000.0;5000.0;38033.33;95083.33
1141;2000.0;5000.0;38066.67;95166.67
1142;2000.0;5000.0;38100.0;95250.0
1143;2000.0;5000.0;38133.33;95333.33
1144;2000.0;5000.0;38166.67;95416.67
1145;2000.0;5000.0;38200.0;95500.0
1146;2000.0;5000.0;38233.33;95583.33
1147;2000.0;5000.0;38266.67;95666.67
1148;2000.0;5000.0;38300.0;95750.0
1149;2000.0;5000.0;38333.33;95833.33
1150;2000.0;5000.0;38366.67;95916.67
1151;2000.0;5000.0;38400.0;96000.0
1152;2000.0;5000.0;38433.33;96083.33
1153;2000.0;5000.0;38466.67;96166.67
1154;2000.0;5000.0;38500.0;96250.0
1155;2000.0;5000.0;38533.33;96333.33
1156;2000.0;5000.0;38566.67;96416.67
1157;2000.0;5000.0;38600.0;96500.0
1158;2000.0;5000.0;38633.33;96583.33
1159;2000.0;5000.0;38666.67;96666.67
1160;2000.0;5000.0;38700.0;96750.0
1161;2000.0;5000.0;38733.33;96833.33
1162;2000.0;5000.0;38766.67;96916.67
1163;2000.0;5000.0;38800.0;97000.0
1164;2000.0;5000.0;38833.33;97083.33
1165;2000.0;5000.0;38866.67;97166.67
1166;2000.0;5000.0;38900.0;97250.0
1167;2000.0;5000.0;38933.33;97333.33
1168;2000.0;5000.0;38966.67;97416.67
1169;2000.0;5000.0;39000.0;97500.0
1170;2000.0;5000.0;39033.33;97583.33
1171;2000.0;5000.0;39066.67;97666.67
1172;2000.0;5000.0;39100.0;97750.0
1173;2000.0;5000.0;39133.33;97833.33
1174;2000.0;5000.0;39166.67;97916.67
1175;2000.0;5000.0;39200.0;98000.0
1176;2000.0;5000.0;39233.33;98083.33
1177;2000.0;5000.0;39266.67;98166.67
1178;2000.0;5000.0;39300.0;98250.0
1179;2000.0;5000.0;39333.33;98333.33
1180;2000.0;5000.0;39366.67;98416.67
1181;2000.0;5000.0;39400.0;98500.0
1182;2000.0;5000.0;39433.33;98583.33
1183;2000.0;5000.0;39466.67;98666.67
1184;2000.0;5000.0;39500.0;98750.0
1185;2000.0;5000.0;39533.33;98833.33
1186;2000.0;5000.0;39566.67;98916.67
1187;2000.0;5000.0;39600.0;99000.0
1188;2000.0;5000.0;39633.33;99083.33
1189;2000.0;5000.0;39666.67;99166.67
1190;2000.0;5000.0;39700.0;99250.0
1191;2000.0;5000.0;39733.33;99333.33
1192;2000.0;5000.0;39766.67;99416.67
1193;2000.0;5000.0;39800.0;99500.0
1194;2000.0;5000.0;39833.33;99583.33
1195;2000.0;5000.0;39866.67;99666.67
1196;2000.0;5000.0;39900.0;99750.0
1197;2000.0;5000.0;39933.33;99833.33
1198;2000.0;5000.0;39966.67;99916.67
1199;2000.0;5000.0;40000.0;100000.0
1200;2000.0;5000.0;40033.33;100083.33
1201;2000.0;5000.0;40066.67;100166.67
1202;2000.0;5000.0;40100.0;100250.0
1203;2000.0;5000.0;40133.33;100333.33
1204;2000.0;5000.0;40166.67;100416.67
1205;2000.0;5000.0;40200.0;100500.0
1206;2000.0;5000.0;40233.33;100583.33
1207;2000.0;5000.0;40266.67;100666.67
1208;2000.0;5000.0;40300.0;100750.0
1209;2000.0;5000.0;40333.33;100833.33
1210;2000.0;5000.0;40366.67;100916.67
1211;2000.0;5000.0;40400.0;101000.0
1212;2000.0;5000.0;40433.33;101083.33
1213;2000.0;5000.0;40466.67;101166.67
1214;2000.0;5000.0;40500.0;101250.0
1215;2000.0;5000.0;40533.33;101333.33
1216;2000.0;5000.0;40566.67;101416.67
1217;2000.0;5000.0;40600.0;101500.0
1218;2000.0;5000.0;40633.33;101583.33
1219;2000.0;5000.0;40666.67;101666.67
1220;2000.0;5000.0;40700.0;101750.0
1221;2000.0;5000.0;40733.33;101833.33
1222;2000.0;5000.0;40766.67;101916.67
1223;2000.0;5000.0;40800.0;102000.0
1224;2000.0;5000.0;40833.33;102083.33
1225;2000.0;5000.0;40866.67;102166.67
1226;2000.0;5000.0;40900.0;102250.0
1227;2000.0;5000.0;40933.33;102333.33
1228;2000.0;5000.0;40966.67;102416.67
1229;2000.0;5000.0;41000.0;102500.0
1230;2000.0;5000.0;41033.33;102583.33
1231;2000.0;5000.0;41066.67;102666.67
1232;2000.0;5000.0;41100.0;102750.0
1233;2000.0;5000.0;41133.33;102833.33
1234;2000.0;5000.0;41166.67;102916.67
1235;2000.0;5000.0;41200.0;103000.0
1236;2000.0;5000.0;41233.33;103083.33
1237;2000.0;5000.0;41266.67;103166.67
1238;2000.0;5000.0;41300.0;103250.0
1239;2000.0;5000.0;41333.33;103333.33
1240;2000.0;5000.0;41366.67;103416.67
1241;2000.0;5000.0;41400.0;103500.0
1242;2000.0;5000.0;41433.33;103583.33
1243;2000.0;5000.0;41466.67;103666.67
1244;2000.0;5000.0;41500.0;103750.0
1245;2000.0;5000.0;41533.33;103833.33
1246;2000.0;5000.0;41566.67;103916.67
1247;2000.0;5000.0;41600.0;104000.0
1248;2000.0;5000.0;41633.33;104083.33
1249;2000.0;5000.0;41666.67;104166.67
1250;2000.0;5000.0;41700.0;104250.0
1251;2000.0;5000.0;41733.33;104333.33
1252;2000.0;5000.0;41766.67;104416.67
1253;2000.0;5000.0;41800.0;104500.0
1254;2000.0;5000.0;41833.33;104583.33
1255;2000.0;5000.0;41866.67;104666.67
1256;2000.0;5000.0;41900.0;104750.0
1257;2000.0;5000.0;41933.33;104833.33
1258;2000.0;5000.0;41966.67;104916.67
1259;2000.0;5000.0;42000.0;105000.0
1260;2000.0;5000.0;42033.33;105083.33
1261;2000.0;5000.0;42066.67;105166.67
1262;2000.0;5000.0;42100.0;105250.0
1263;2000.0;5000.0;42133.33;105333.33
1264;2000.0;5000.0;42166.67;105416.67
1265;2000.0;5000.0;42200.0;105500.0
1266;2000.0;5000.0;42233.33;105583.33
1267;2000.0;5000.0;42266.67;105666.67
1268;2000.0;5000.0;42300.0;105750.0
1269;2000.0;5000.0;42333.33;105833.33
1270;2000.0;5000.0;42366.67;105916.67
1271;2000.0;5000.0;42400.0;106000.0
1272;2000.0;5000.0;42433.33;106083.33
1273;2000.0;5000.0;42466.67;106166.67
1274;2000.0;5000.0;42500.0;106250.0
1275;2000.0;5000.0;42533.33;106333.33
1276;2000.0;5000.0;42566.67;106416.67
1277;2000.0;5000.0;42600.0;106500.0
1278;2000.0;5000.0;42633.33;106583.33
1279;2000.0;5000.0;42666.67;106666.67
1280;2000.0;5000.0;42700.0;106750.0
1281;2000.0;5000.0;42733.33;106833.33
1282;2000.0;5000.0;42766.67;106916.67
1283;2000.0;5000.0;42800.0;107000.0
1284;2000.0;5000.0;42833.33;107083.33
1285;2000.0;5000.0;42866.67;107166.67
1286;2000.0;5000.0;42900.0;107250.0
1287;2000.0;5000.0;42933.33;107333.33
1288;2000.0;5000.0;42966.67;107416.67
1289;2000.0;5000.0;43000.0;107500.0
1290;2000.0;5000.0;43033.33;107583.33
1291;2000.0;5000.0;43066.67;107666.67
1292;2000.0;5000.0;43100.0;107750.0
1293;2000.0;5000.0;43133.33;107833.33
1294;2000.0;5000.0;43166.67;107916.67
1295;2000.0;5000.0;43200.0;108000.0
1296;2000.0;5000.0;43233.33;108083.33
1297;2000.0;5000.0;43266.67;108166.67
1298;2000.0;5000.0;43300.0;108250.0
1299;2000.0;5000.0;43333.33;108333.33
1300;2000.0;5000.0;43366.67;108416.67
1301;2000.0;5000.0;43400.0;108500.0
1302;2000.0;5000.0;43433.33;108583.33
1303;2000.0;5000.0;43466.67;108666.67
1304;2000.0;5000.0;43500.0;108750.0
1305;2000.0;5000.0;43533.33;108833.33
1306;2000.0;5000.0;43566.67;108916.67
1307;2000.0;5000.0;43600.0;109000.0
1308;2000.0;5000.0;43633.33;109083.33
1309;2000.0;5000.0;43666.67;109166.67
1310;2000.0;5000.0;43700.0;109250.0
1311;2000.0;5000.0;43733.33;109333.33
1312;2000.0;5000.0;43766.67;109416.67
1313;2000.0;5000.0;43800.0;109500.0
1314;2000.0;5000.0;43833.33;109583.33
1315;2000.0;5000.0;43866.67;109666.67
1316;2000.0;5000.0;43900.0;109750.0
1317;2000.0;5000.0;43933.33;109833.33
1318;2000.0;5000.0;43966.67;109916.67
1319;2000.0;5000.0;44000.0;110000.0
1320;2000.0;5000.0;44033.33;110083.33
1321;2000.0;5000.0;44066.67;110166.67
1322;2000.0;5000.0;44100.0;110250.0
1323;2000.0;5000.0;44133.33;110333.33
1324;2000.0;5000.0;44166.67;110416.67
1325;2000.0;5000.0;44200.0;110500.0
1326;2000.0;5000.0;44233.33;110583.33
1327;2000.0;5000.0;44266.67;110666.67
1328;2000.0;5000.0;44300.0;110750.0
1329;2000.0;5000.0;44333.33;110833.33
1330;2000.0;5000.0;44366.67;110916.67
1331;2000.0;5000.0;44400.0;111000.0
1332;2000.0;5000.0;44433.33;111083.33
1333;2000.0;5000.0;44466.67;111166.67
1334;2000.0;5000.0;44500.0;111250.0
1335;2000.0;5000.0;44533.33;111333.33
1336;2000.0;5000.0;44566.67;111416.67
1337;2000.0;5000.0;44600.0;111500.0
1338;2000.0;5000.0;44633.33;111583.33
1339;2000.0;5000.0;44666.67;111666.67
1340;2000.0;5000.0;44700.0;111750.0
1341;2000.0;5000.0;44733.33;111833.33
1342;2000.0;5000.0;44766.67;111916.67
1343;2000.0;5000.0;44800.0;112000.0
1344;2000.0;5000.0;44833.33;112083.33
1345;2000.0;5000.0;44866.67;112166.67
1346;2000.0;5000.0;44900.0;112250.0
1347;2000.0;5000.0;44933.33;112333.33
1348;2000.0;5000.0;44966.67;112416.67
1349;2000.0;5000.0;45000.0;112500.0
1350;2000.0;5000.0;45033.33;112583.33
1351;2000.0;5000.0;45066.67;112666.67
1352;2000.0;5000.0;45100.0;112750.0
1353;2000.0;5000.0;45133.33;112833.33
1354;2000.0;5000.0;45166.67;112916.67
1355;2000.0;5000.0;45200.0;113000.0
1356;2000.0;5000.0;45233.33;113083.33
1357;2000.0;5000.0;45266.67;113166.67
1358;2000.0;5000.0;45300.0;113250.0
1359;2000.0;5000.0;45333.33;113333.33
1360;2000.0;5000.0;45366.67;113416.67
1361;2000.0;5000.0;45400.0;113500.0
1362;2000.0;5000.0;45433.33;113583.33
1363;2000.0;5000.0;45466.67;113666.67
1364;2000.0;5000.0;45500.0;113750.0
1365;2000.0;5000.0;45533.33;113833.33
1366;2000.0;5000.0;45566.67;113916.67
1367;2000.0;5000.0;45600.0;114000.0
1368;2000.0;5000.0;45633.33;114083.33
1369;2000.0;5000.0;45666.67;114166.67
1370;2000.0;5000.0;45700.0;114250.0
1371;2000.0;5000.0;45733.33;114333.33
1372;2000.0;5000.0;45766.67;114416.67
1373;2000.0;5000.0;45800.0;114500.0
1374;2000.0;5000.0;45833.33;114583.33
1375;2000.0;5000.0;45866.67;114666.67
1376;2000.0;5000.0;45900.0;114750.0
1377;2000.0;5000.0;45933.33;114833.33
1378;2000.0;5000.0;45966.67;114916.67
1379;2000.0;5000.0;46000.0;115000.0
1380;2000.0;5000.0;46033.33;115083.33
1381;2000.0;5000.0;46066.67;115166.67
1382;2000.0;5000.0;46100.0;115250.0
1383;2000.0;5000.0;46133.33;115333.33
1384;2000.0;5000.0;46166.67;115416.67
1385;2000.0;5000.0;46200.0;115500.0
1386;2000.0;5000.0;46233.33;115583.33
1387;2000.0;5000.0;46266.67;115666.67
1388;2000.0;5000.0;46300.0;115750.0
1389;2000.0;5000.0;46333.33;115833.33
1390;2000.0;5000.0;46366.67;115916.67
1391;2000.0;5000.0;46400.0;116000.0
1392;2000.0;5000.0;46433.33;116083.33
1393;2000.0;5000.0;46466.67;116166.67
1394;2000.0;5000.0;46500.0;116250.0
1395;2000.0;5000.0;46533.33;116333.33
1396;2000.0;5000.0;46566.67;116416.67
1397;2000.0;5000.0;46600.0;116500.0
1398;2000.0;5000.0;46633.33;116583.33
1399;2000.0;5000.0;46666.67;116666.67
1400;2000.0;5000.0;46700.0;116750.0
1401;2000.0;5000.0;46733.33;116833.33
1402;2000.0;5000.0;46766.67;116916.67
1403;2000.0;5000.0;46800.0;117000.0
1404;2000.0;5000.0;46833.33;117083.33
1405;2000.0;5000.0;46866.67;117166.67
1406;2000.0;5000.0;46900.0;117250.0
1407;2000.0;5000.0;46933.33;117333.33
1408;2000.0;5000.0;46966.67;117416.67
1409;2000.0;5000.0;47000.0;117500.0
1410;2000.0;5000.0;47033.33;117583.33
1411;2000.0;5000.0;47066.67;117666.67
1412;2000.0;5000.0;47100.0;117750.0
1413;2000.0;5000.0;47133.33;117833.33
1414;2000.0;5000.0;47166.67;117916.67
1415;2000.0;5000.0;47200.0;118000.0
1416;2000.0;5000.0;47233.33;118083.33
1417;2000.0;5000.0;47266.67;118166.67
1418;2000.0;5000.0;47300.0;118250.0
1419;2000.0;5000.0;47333.33;118333.33
1420;2000.0;5000.0;47366.67;118416.67
1421;2000.0;5000.0;47400.0;118500.0
1422;2000.0;5000.0;47433.33;118583.33
1423;2000.0;5000.0;47466.67;118666.67
1424;2000.0;5000.0;47500.0;118750.0
1425;2000.0;5000.0;47533.33;118833.33
1426;2000.0;5000.0;47566.67;118916.67
1427;2000.0;5000.0;47600.0;119000.0
1428;2000.0;5000.0;47633.33;119083.33
1429;2000.0;5000.0;47666.67;119166.67
1430;2000.0;5000.0;47700.0;119250.0
1431;2000.0;5000.0;47733.33;119333.33
1432;2000.0;5000.0;47766.67;119416.67
1433;2000.0;5000.0;47800.0;119500.0
1434;2000.0;5000.0;47833.33;119583.33
1435;2000.0;5000.0;47866.67;119666.67
1436;2000.0;5000.0;47900.0;119750.0
1437;2000.0;5000.0;47933.33;119833.33
1438;2000.0;5000.0;47966.67;119916.67
1439;2000.0;5000.0;48000.0;120000.0

